%YAML:1.0
x: 104
y: 5
width: 795
height: 587
