%YAML:1.0
transmtx: !!opencv-matrix
   rows: 3
   cols: 3
   dt: d
   data: [ 1.1676890249186000e+00, 6.4669262767000149e-02,
       -4.5791996163432778e+01, 3.8079554255468440e-02,
       1.1585778821362376e+00, -3.3398537312882304e+01,
       8.4940061609920870e-05, 1.3822465061001150e-04, 1. ]
